<?xml version="1.0"?>
<opencv_storage>
<calibration_time>"Fri Feb 12 17:55:06 2016"</calibration_time>
<nr_of_frames>8</nr_of_frames>
<image_width>2592</image_width>
<image_height>1944</image_height>
<board_width>9</board_width>
<board_height>6</board_height>
<square_size>18.</square_size>
<!-- flags: +fix_principal_point +zero_tangent_dist -->
<flags>6156</flags>
<fisheye_model>0</fisheye_model>
<camera_matrix type_id="opencv-matrix">
  <rows>3</rows>
  <cols>3</cols>
  <dt>d</dt>
  <data>
    2.4212858299428826e+03 0. 1.2955000000000000e+03 0.
    2.4047866702403944e+03 9.7150000000000000e+02 0. 0. 1.</data></camera_matrix>
<distortion_coefficients type_id="opencv-matrix">
  <rows>5</rows>
  <cols>1</cols>
  <dt>d</dt>
  <data>
    -4.3803013078760922e-01 4.1785077470077364e-01 0. 0.
    -3.7373995430837226e-01</data></distortion_coefficients>
<avg_reprojection_error>5.5205118291006761e-01</avg_reprojection_error>
<per_view_reprojection_errors type_id="opencv-matrix">
  <rows>8</rows>
  <cols>1</cols>
  <dt>f</dt>
  <data>
    4.17993605e-01 8.31335127e-01 7.10503221e-01 6.90170944e-01
    5.10660529e-01 3.03480566e-01 3.69490325e-01 3.18902493e-01</data></per_view_reprojection_errors>
<extrinsic_parameters type_id="opencv-matrix">
  <rows>8</rows>
  <cols>6</cols>
  <dt>d</dt>
  <data>
    -6.6994332524418276e-01 -1.1826690941278092e-01
    -1.5224443026555392e+00 1.3741842986274760e+01
    1.7773733763743877e+02 5.0648522111946119e+02 2.8206349241036910e-01
    4.3144772632757655e-01 -4.2000502133323536e-01
    -8.4758515935283071e+01 -1.7327811896017629e+01
    4.6897160744510660e+02 -2.3976793172877814e-01
    3.4908346541871904e-01 -1.1628311027630736e+00
    -8.8954611237113667e+01 2.5018846325092092e+01
    5.3739442554370635e+02 4.4614936491814350e-01 6.8334007631999483e-01
    -1.5773984591748389e+00 -1.7025228788113225e+02
    -2.4375484491014600e+01 4.5123319940678329e+02
    -5.4922284359157436e-01 2.2976717195569538e-01
    -1.5167028662204680e+00 2.4283480802338580e+01
    1.1303990716545066e+02 5.6645247904877124e+02
    -3.3665764689503985e-01 6.9784104087262266e-01
    -1.5526412018287317e+00 1.0407092326615107e+02
    1.1111288176673924e+02 9.5538257358981878e+02
    -9.0688718255968082e-02 3.8425596758649655e-01
    -1.0484826418105488e+00 -2.4472084315875801e+01
    8.4103616306921310e+01 9.1864716987887334e+02
    -3.8925346976349645e-01 4.5828018503427548e-01
    -7.6923677771019117e-01 -6.1677375539152486e+01
    3.0920658454009708e+02 9.1315177475683208e+02</data></extrinsic_parameters>
<image_points type_id="opencv-matrix">
  <rows>8</rows>
  <cols>54</cols>
  <dt>"2f"</dt>
  <data>
    1.35760779e+03 1.77449146e+03 1.36368677e+03 1.69748682e+03
    1.36965894e+03 1.62177063e+03 1.37572961e+03 1.54574121e+03
    1.38136108e+03 1.47160352e+03 1.38696924e+03 1.39810828e+03
    1.39218164e+03 1.32520886e+03 1.39718201e+03 1.25404333e+03
    1.40214844e+03 1.18517200e+03 1.43616528e+03 1.77542615e+03
    1.44163342e+03 1.69768274e+03 1.44708484e+03 1.62078003e+03
    1.45224829e+03 1.54458313e+03 1.45734644e+03 1.46859485e+03
    1.46193530e+03 1.39538684e+03 1.46660962e+03 1.32161694e+03
    1.47058008e+03 1.25026416e+03 1.47454797e+03 1.18033240e+03
    1.51626746e+03 1.77578784e+03 1.52125513e+03 1.69712866e+03
    1.52571606e+03 1.61969812e+03 1.53006812e+03 1.54192346e+03
    1.53426257e+03 1.46654529e+03 1.53863672e+03 1.39160815e+03
    1.54197461e+03 1.31781165e+03 1.54509729e+03 1.24556970e+03
    1.54815222e+03 1.17579626e+03 1.59753723e+03 1.77481787e+03
    1.60210449e+03 1.69602075e+03 1.60588525e+03 1.61722900e+03
    1.60974121e+03 1.53969287e+03 1.61291064e+03 1.46290588e+03
    1.61576819e+03 1.38804932e+03 1.61836206e+03 1.31302161e+03
    1.62076575e+03 1.24087488e+03 1.62248779e+03 1.17011963e+03
    1.67988037e+03 1.77356946e+03 1.68372046e+03 1.69371582e+03
    1.68674548e+03 1.61512720e+03 1.68950708e+03 1.53619873e+03
    1.69180017e+03 1.45948328e+03 1.69389441e+03 1.38328528e+03
    1.69582507e+03 1.30873901e+03 1.69698438e+03 1.23521973e+03
    1.69772449e+03 1.16493933e+03 1.76305334e+03 1.77128650e+03
    1.76591418e+03 1.69111218e+03 1.76829492e+03 1.61124146e+03
    1.77056299e+03 1.53249536e+03 1.77184338e+03 1.45446838e+03
    1.77278503e+03 1.37887048e+03 1.77366431e+03 1.30295251e+03
    1.77376099e+03 1.23005164e+03 1.77376550e+03 1.15860779e+03
    8.65246887e+02 8.82862488e+02 9.33531128e+02 8.52056580e+02
    1.00417914e+03 8.16344543e+02 1.07855078e+03 7.82268250e+02
    1.15570862e+03 7.45831055e+02 1.23570496e+03 7.08980164e+02
    1.32046521e+03 6.69675354e+02 1.40760059e+03 6.30102112e+02
    1.49625830e+03 5.88917969e+02 9.07142212e+02 9.63902527e+02
    9.75396667e+02 9.32847717e+02 1.04744092e+03 9.00808167e+02
    1.12336609e+03 8.67007080e+02 1.19996423e+03 8.34093262e+02
    1.28088489e+03 7.98117065e+02 1.36671008e+03 7.59639893e+02
    1.45356152e+03 7.22242004e+02 1.54345068e+03 6.83812805e+02
    9.48967102e+02 1.04288403e+03 1.01768671e+03 1.01442084e+03
    1.09041760e+03 9.82247864e+02 1.16623743e+03 9.52167725e+02
    1.24464758e+03 9.19051331e+02 1.32640417e+03 8.85552185e+02
    1.41213086e+03 8.49427979e+02 1.49957727e+03 8.14120300e+02
    1.58966724e+03 7.77151733e+02 9.90937988e+02 1.12124658e+03
    1.06108276e+03 1.09275293e+03 1.13366284e+03 1.06601624e+03
    1.20970044e+03 1.03569580e+03 1.28916296e+03 1.00531757e+03
    1.37119702e+03 9.72949524e+02 1.45699707e+03 9.39314392e+02
    1.54449548e+03 9.04585022e+02 1.63430066e+03 8.69489563e+02
    1.03249426e+03 1.19779761e+03 1.10416162e+03 1.17216895e+03
    1.17662402e+03 1.14540234e+03 1.25364941e+03 1.11788977e+03
    1.33325269e+03 1.08870544e+03 1.41551196e+03 1.05901746e+03
    1.50065833e+03 1.02706982e+03 1.58826904e+03 9.93926636e+02
    1.67852893e+03 9.60080994e+02 1.07620935e+03 1.27447876e+03
    1.14579468e+03 1.25002039e+03 1.21948804e+03 1.22599683e+03
    1.29625366e+03 1.19900366e+03 1.37668420e+03 1.17165393e+03
    1.45847009e+03 1.14297925e+03 1.54361389e+03 1.11346606e+03
    1.63123486e+03 1.08170044e+03 1.72060803e+03 1.05038037e+03
    8.99149475e+02 1.08175977e+03 9.26042542e+02 1.00885046e+03
    9.51887268e+02 9.36154663e+02 9.79156799e+02 8.58572571e+02
    1.00717853e+03 7.83485535e+02 1.03467688e+03 7.07843933e+02
    1.06396045e+03 6.31120972e+02 1.09066431e+03 5.54455383e+02
    1.11977905e+03 4.77857758e+02 9.62366577e+02 1.11383044e+03
    9.88781067e+02 1.03998120e+03 1.01627405e+03 9.64840271e+02
    1.04509900e+03 8.88555908e+02 1.07245618e+03 8.11388611e+02
    1.10050928e+03 7.35320862e+02 1.12925476e+03 6.57292969e+02
    1.15856738e+03 5.80200195e+02 1.18828345e+03 5.01781464e+02
    1.02778064e+03 1.14805835e+03 1.05529016e+03 1.07208862e+03
    1.08285730e+03 9.96093994e+02 1.11183057e+03 9.18684937e+02
    1.14078113e+03 8.42142456e+02 1.17018066e+03 7.63330078e+02
    1.19940002e+03 6.85129028e+02 1.22927991e+03 6.05647217e+02
    1.25906958e+03 5.27218872e+02 1.09497144e+03 1.18172791e+03
    1.12365723e+03 1.10606641e+03 1.15261133e+03 1.02883264e+03
    1.18215552e+03 9.50887695e+02 1.21171912e+03 8.71689209e+02
    1.24135583e+03 7.93537537e+02 1.27173376e+03 7.12830383e+02
    1.30206140e+03 6.33539429e+02 1.33219568e+03 5.53781311e+02
    1.16497302e+03 1.21739844e+03 1.19447595e+03 1.14003564e+03
    1.22388147e+03 1.06193201e+03 1.25432190e+03 9.82831970e+02
    1.28431384e+03 9.03212708e+02 1.31514185e+03 8.23041687e+02
    1.34651697e+03 7.42319580e+02 1.37694653e+03 6.61684631e+02
    1.40725781e+03 5.80862122e+02 1.23673767e+03 1.25311377e+03
    1.26687634e+03 1.17549182e+03 1.29758606e+03 1.09614624e+03
    1.32841907e+03 1.01666583e+03 1.35947534e+03 9.35616638e+02
    1.39104102e+03 8.54666260e+02 1.42323730e+03 7.72874878e+02
    1.45383105e+03 6.91066223e+02 1.48480444e+03 6.09310791e+02
    4.32439514e+02 8.48800537e+02 4.04368408e+02 7.76502563e+02
    3.73296844e+02 7.02302185e+02 3.42572113e+02 6.24335754e+02
